
Processing Display_SignalFits_LMR.cc("PreselectedWithRegression","reg","LMRSelection_chi2","Histograms_GluGluToBulkGravitonToHHTo4B_M-",350,"true")...
nSignal_init = 204400
 here 12468
  here 4075
[#0] WARNING:InputArguments -- RooAbsPdf::fitTo(signal) WARNING: a likelihood fit is request of what appears to be weighted data. 
       While the estimated values of the parameters will always be calculated taking the weights into account, 
       there are multiple ways to estimate the errors on these parameter values. You are advised to make an 
       explicit choice on the error calculation: 
           - Either provide SumW2Error(kTRUE), to calculate a sum-of-weights corrected HESSE error matrix 
             (error will be proportional to the number of events)
           - Or provide SumW2Error(kFALSE), to return errors from original HESSE error matrix
             (which will be proportional to the sum of the weights)
       If you want the errors to reflect the information contained in the provided dataset, choose kTRUE. 
       If you want the errors to reflect the precision you would be able to obtain with an unweighted dataset 
       with 'sum-of-weights' events, choose kFALSE.
 **********
 **   13 **MIGRAD        2500           1
 **********
 FIRST CALL TO USER FUNCTION AT NEW START POINT, WITH IFLAG=4.
 START MIGRAD MINIMIZATION.  STRATEGY  1.  CONVERGENCE WHEN EDM .LT. 1.00e-03
 FCN=11972.2 FROM MIGRAD    STATUS=INITIATE       20 CALLS          21 TOTAL
                     EDM= unknown      STRATEGY= 1      NO ERROR MATRIX       
  EXT PARAMETER               CURRENT GUESS       STEP         FIRST   
  NO.   NAME      VALUE            ERROR          SIZE      DERIVATIVE 
   1  sg_p0        3.45000e+02   7.00000e+00   2.01358e-01   8.58680e+02
   2  sg_p1        2.00000e+01   3.00000e+00   2.01358e-01  -1.57079e+01
   3  sg_p2        3.75000e+02   9.00000e+00   2.01358e-01   6.05886e+02
   4  sg_p3        5.50000e+01   9.00000e+00   2.01358e-01  -2.17665e+02
   5  sg_p4        5.00000e-01   1.00000e-01   2.01358e-01  -5.01786e+02
                               ERR DEF= 0.5
 MIGRAD MINIMIZATION HAS CONVERGED.
 MIGRAD WILL VERIFY CONVERGENCE AND ERROR MATRIX.
 COVARIANCE MATRIX CALCULATED SUCCESSFULLY
 FCN=11450.9 FROM MIGRAD    STATUS=CONVERGED     265 CALLS         266 TOTAL
                     EDM=0.000134771    STRATEGY= 1      ERROR MATRIX ACCURATE 
  EXT PARAMETER                                   STEP         FIRST   
  NO.   NAME      VALUE            ERROR          SIZE      DERIVATIVE 
   1  sg_p0        3.35255e+02   5.84888e-01   1.21405e-03   1.69314e-01
   2  sg_p1        2.39353e+01   6.18452e-01   2.26207e-03  -7.36849e-02
   3  sg_p2        3.30000e+02   1.74434e+01   6.51717e-02  -1.61505e-03
   4  sg_p3        9.14041e+01   1.19905e+01   2.31542e-02   2.93076e-02
   5  sg_p4        9.18502e-01   1.58824e-02   2.46748e-03  -1.79889e-02
                               ERR DEF= 0.5
 EXTERNAL ERROR MATRIX.    NDIM=  25    NPAR=  5    ERR DEF=0.5
  3.421e-01 -1.044e-01 -9.633e-04 -1.884e+00 -2.873e-03 
 -1.044e-01  3.827e-01  7.018e-04  4.287e+00  6.787e-03 
 -9.633e-04  7.018e-04  3.134e-03 -2.412e-02  7.804e-06 
 -1.884e+00  4.287e+00 -2.412e-02  1.549e+02  1.474e-01 
 -2.873e-03  6.787e-03  7.804e-06  1.474e-01  2.525e-04 
 PARAMETER  CORRELATION COEFFICIENTS  
       NO.  GLOBAL      1      2      3      4      5
        1  0.32887   1.000 -0.288 -0.029 -0.259 -0.309
        2  0.69763  -0.288  1.000  0.020  0.557  0.690
        3  0.07298  -0.029  0.020  1.000 -0.035  0.009
        4  0.74911  -0.259  0.557 -0.035  1.000  0.745
        5  0.81815  -0.309  0.690  0.009  0.745  1.000
 **********
 **   18 **HESSE        2500
 **********
 COVARIANCE MATRIX CALCULATED SUCCESSFULLY
 FCN=11450.9 FROM HESSE     STATUS=OK             31 CALLS         297 TOTAL
                     EDM=0.000138795    STRATEGY= 1      ERROR MATRIX ACCURATE 
  EXT PARAMETER                                INTERNAL      INTERNAL  
  NO.   NAME      VALUE            ERROR       STEP SIZE       VALUE   
   1  sg_p0        3.35255e+02   5.87075e-01   2.42809e-04  -2.82153e-01
   2  sg_p1        2.39353e+01   6.29974e-01   4.52415e-04   2.65460e-01
   3  sg_p2        3.30000e+02   1.77257e+01   1.30343e-02  -1.57216e+00
   4  sg_p3        9.14041e+01   1.23569e+01   9.26169e-04   9.42414e-01
   5  sg_p4        9.18502e-01   1.64098e-02   4.93496e-04   9.91785e-01
                               ERR DEF= 0.5
 EXTERNAL ERROR MATRIX.    NDIM=  25    NPAR=  5    ERR DEF=0.5
  3.447e-01 -1.108e-01 -1.541e-04 -2.068e+00 -3.088e-03 
 -1.108e-01  3.971e-01  1.002e-04  4.696e+00  7.284e-03 
 -1.541e-04  1.002e-04  3.189e-03 -4.591e-03  6.870e-07 
 -2.068e+00  4.696e+00 -4.591e-03  1.653e+02  1.614e-01 
 -3.088e-03  7.284e-03  6.870e-07  1.614e-01  2.696e-04 
 PARAMETER  CORRELATION COEFFICIENTS  
       NO.  GLOBAL      1      2      3      4      5
        1  0.33880   1.000 -0.299 -0.005 -0.274 -0.320
        2  0.71085  -0.299  1.000  0.003  0.580  0.704
        3  0.01245  -0.005  0.003  1.000 -0.006  0.001
        4  0.76710  -0.274  0.580 -0.006  1.000  0.764
        5  0.83084  -0.320  0.704  0.001  0.764  1.000
350
335.255 +- 0.587075
23.9353 +- 0.629974
[#0] WARNING:InputArguments -- RooAbsPdf::fitTo(signal) WARNING: a likelihood fit is request of what appears to be weighted data. 
       While the estimated values of the parameters will always be calculated taking the weights into account, 
       there are multiple ways to estimate the errors on these parameter values. You are advised to make an 
       explicit choice on the error calculation: 
           - Either provide SumW2Error(kTRUE), to calculate a sum-of-weights corrected HESSE error matrix 
             (error will be proportional to the number of events)
           - Or provide SumW2Error(kFALSE), to return errors from original HESSE error matrix
             (which will be proportional to the sum of the weights)
       If you want the errors to reflect the information contained in the provided dataset, choose kTRUE. 
       If you want the errors to reflect the precision you would be able to obtain with an unweighted dataset 
       with 'sum-of-weights' events, choose kFALSE.
 **********
 **   13 **MIGRAD        2500           1
 **********
 FIRST CALL TO USER FUNCTION AT NEW START POINT, WITH IFLAG=4.
 START MIGRAD MINIMIZATION.  STRATEGY  1.  CONVERGENCE WHEN EDM .LT. 1.00e-03
 FCN=10760.3 FROM MIGRAD    STATUS=INITIATE       20 CALLS          21 TOTAL
                     EDM= unknown      STRATEGY= 1      NO ERROR MATRIX       
  EXT PARAMETER               CURRENT GUESS       STEP         FIRST   
  NO.   NAME      VALUE            ERROR          SIZE      DERIVATIVE 
   1  sg_p0        3.50000e+02   6.00000e+00   2.01358e-01  -6.46762e+02
   2  sg_p1        1.00000e+01   1.00000e+00   2.01358e-01   8.54233e+01
   3  sg_p2        3.10000e+02   2.20000e+01   2.01358e-01  -4.29997e+02
   4  sg_p3        5.50000e+01   9.00000e+00   2.01358e-01  -2.41765e+02
   5  sg_p4        5.00000e-01   1.00000e-01   2.01358e-01  -5.96224e+02
                               ERR DEF= 0.5
 MIGRAD MINIMIZATION HAS CONVERGED.
 MIGRAD WILL VERIFY CONVERGENCE AND ERROR MATRIX.
 COVARIANCE MATRIX CALCULATED SUCCESSFULLY
 FCN=10561.8 FROM MIGRAD    STATUS=CONVERGED     128 CALLS         129 TOTAL
                     EDM=5.13479e-05    STRATEGY= 1      ERROR MATRIX ACCURATE 
  EXT PARAMETER                                   STEP         FIRST   
  NO.   NAME      VALUE            ERROR          SIZE      DERIVATIVE 
   1  sg_p0        3.51532e+02   2.78144e-01   6.54136e-04  -1.36560e-01
   2  sg_p1        1.00506e+01   2.79378e-01   3.34254e-03  -3.47216e-02
   3  sg_p2        3.25825e+02   4.66794e+00   2.00438e-03  -1.87104e-01
   4  sg_p3        6.16005e+01   3.66495e+00   3.74383e-03  -6.12168e-02
   5  sg_p4        7.27991e-01   1.37950e-02   1.92756e-03  -1.33979e-01
                               ERR DEF= 0.5
 EXTERNAL ERROR MATRIX.    NDIM=  25    NPAR=  5    ERR DEF=0.5
  7.737e-02 -5.601e-03 -2.520e-02 -5.284e-02 -2.675e-04 
 -5.601e-03  7.813e-02 -4.588e-01  4.031e-01  1.783e-03 
 -2.520e-02 -4.588e-01  2.180e+01 -1.276e+01 -1.507e-02 
 -5.284e-02  4.031e-01 -1.276e+01  1.346e+01  1.537e-02 
 -2.675e-04  1.783e-03 -1.507e-02  1.537e-02  1.904e-04 
 PARAMETER  CORRELATION COEFFICIENTS  
       NO.  GLOBAL      1      2      3      4      5
        1  0.12519   1.000 -0.072 -0.019 -0.052 -0.070
        2  0.54100  -0.072  1.000 -0.352  0.393  0.462
        3  0.75052  -0.019 -0.352  1.000 -0.745 -0.234
        4  0.76424  -0.052  0.393 -0.745  1.000  0.304
        5  0.48264  -0.070  0.462 -0.234  0.304  1.000
 **********
 **   18 **HESSE        2500
 **********
 COVARIANCE MATRIX CALCULATED SUCCESSFULLY
 FCN=10561.8 FROM HESSE     STATUS=OK             31 CALLS         160 TOTAL
                     EDM=5.1249e-05    STRATEGY= 1      ERROR MATRIX ACCURATE 
  EXT PARAMETER                                INTERNAL      INTERNAL  
  NO.   NAME      VALUE            ERROR       STEP SIZE       VALUE   
   1  sg_p0        3.51532e+02   2.78163e-01   1.30827e-04   5.10947e-02
   2  sg_p1        1.00506e+01   2.80311e-01   6.68507e-04   1.01235e-02
   3  sg_p2        3.25825e+02   4.72543e+00   4.00876e-04   1.44369e-01
   4  sg_p3        6.16005e+01   3.71050e+00   1.49753e-04   1.47209e-01
   5  sg_p4        7.27991e-01   1.38205e-02   3.85512e-04   4.73476e-01
                               ERR DEF= 0.5
 EXTERNAL ERROR MATRIX.    NDIM=  25    NPAR=  5    ERR DEF=0.5
  7.738e-02 -5.715e-03 -2.357e-02 -5.396e-02 -2.693e-04 
 -5.715e-03  7.866e-02 -4.756e-01  4.161e-01  1.803e-03 
 -2.357e-02 -4.756e-01  2.234e+01 -1.321e+01 -1.568e-02 
 -5.396e-02  4.161e-01 -1.321e+01  1.380e+01  1.584e-02 
 -2.693e-04  1.803e-03 -1.568e-02  1.584e-02  1.911e-04 
 PARAMETER  CORRELATION COEFFICIENTS  
       NO.  GLOBAL      1      2      3      4      5
        1  0.12573   1.000 -0.073 -0.018 -0.052 -0.070
        2  0.54533  -0.073  1.000 -0.359  0.399  0.465
        3  0.75753  -0.018 -0.359  1.000 -0.752 -0.240
        4  0.77086  -0.052  0.399 -0.752  1.000  0.308
        5  0.48557  -0.070  0.465 -0.240  0.308  1.000
350
351.532 +- 0.278163
10.0506 +- 0.280311
 fit done 
(int) 0
