
Processing Display_SignalFits_LMR.cc("PreselectedWithRegression","reg","LMRSelection_chi2","Histograms_GluGluToBulkGravitonToHHTo4B_M-",400,"true")...
nSignal_init = 120200
 here 11120
  here 3553
[#0] WARNING:InputArguments -- RooAbsPdf::fitTo(signal) WARNING: a likelihood fit is request of what appears to be weighted data. 
       While the estimated values of the parameters will always be calculated taking the weights into account, 
       there are multiple ways to estimate the errors on these parameter values. You are advised to make an 
       explicit choice on the error calculation: 
           - Either provide SumW2Error(kTRUE), to calculate a sum-of-weights corrected HESSE error matrix 
             (error will be proportional to the number of events)
           - Or provide SumW2Error(kFALSE), to return errors from original HESSE error matrix
             (which will be proportional to the sum of the weights)
       If you want the errors to reflect the information contained in the provided dataset, choose kTRUE. 
       If you want the errors to reflect the precision you would be able to obtain with an unweighted dataset 
       with 'sum-of-weights' events, choose kFALSE.
 **********
 **   13 **MIGRAD        2500           1
 **********
 FIRST CALL TO USER FUNCTION AT NEW START POINT, WITH IFLAG=4.
 START MIGRAD MINIMIZATION.  STRATEGY  1.  CONVERGENCE WHEN EDM .LT. 1.00e-03
 FCN=10526.8 FROM MIGRAD    STATUS=INITIATE       20 CALLS          21 TOTAL
                     EDM= unknown      STRATEGY= 1      NO ERROR MATRIX       
  EXT PARAMETER               CURRENT GUESS       STEP         FIRST   
  NO.   NAME      VALUE            ERROR          SIZE      DERIVATIVE 
   1  sg_p0        3.95000e+02   7.00000e+00   2.01358e-01   6.22090e+02
   2  sg_p1        2.15000e+01   3.70000e+00   2.01358e-01   3.93144e+01
   3  sg_p2        4.15000e+02   9.00000e+00   2.01358e-01   5.73210e+02
   4  sg_p3        5.50000e+01   9.00000e+00   2.01358e-01  -2.75943e+02
   5  sg_p4        5.00000e-01   1.00000e-01   2.01358e-01  -2.70487e+02
                               ERR DEF= 0.5
 MIGRAD MINIMIZATION HAS CONVERGED.
 MIGRAD WILL VERIFY CONVERGENCE AND ERROR MATRIX.
 COVARIANCE MATRIX CALCULATED SUCCESSFULLY
 FCN=10114.1 FROM MIGRAD    STATUS=CONVERGED     159 CALLS         160 TOTAL
                     EDM=6.64008e-06    STRATEGY= 1      ERROR MATRIX ACCURATE 
  EXT PARAMETER                                   STEP         FIRST   
  NO.   NAME      VALUE            ERROR          SIZE      DERIVATIVE 
   1  sg_p0        3.86211e+02   6.86663e-01   1.31273e-03   2.59564e-02
   2  sg_p1        2.19020e+01   6.09777e-01   1.86310e-03  -3.77740e-02
   3  sg_p2        3.70000e+02   4.09910e-01   9.37664e-03** at limit **
   4  sg_p3        6.56431e+01   3.91338e+00   4.63470e-03   2.44737e-02
   5  sg_p4        7.76392e-01   2.28831e-02   2.56082e-03  -2.96800e-02
                               ERR DEF= 0.5
 EXTERNAL ERROR MATRIX.    NDIM=  25    NPAR=  5    ERR DEF=0.5
  4.716e-01 -1.220e-01 -1.126e-06 -7.745e-01 -5.045e-03 
 -1.220e-01  3.720e-01  1.179e-07  9.690e-01  7.925e-03 
 -1.126e-06  1.179e-07  1.153e-06 -4.599e-07 -1.265e-08 
 -7.745e-01  9.690e-01 -4.599e-07  1.536e+01  5.930e-02 
 -5.045e-03  7.925e-03 -1.265e-08  5.930e-02  5.242e-04 
 PARAMETER  CORRELATION COEFFICIENTS  
       NO.  GLOBAL      1      2      3      4      5
        1  0.35983   1.000 -0.291 -0.002 -0.288 -0.321
        2  0.57983  -0.291  1.000  0.000  0.405  0.568
        3  0.00189  -0.002  0.000  1.000 -0.000 -0.001
        4  0.66627  -0.288  0.405 -0.000  1.000  0.661
        5  0.74129  -0.321  0.568 -0.001  0.661  1.000
 **********
 **   18 **HESSE        2500
 **********
 COVARIANCE MATRIX CALCULATED SUCCESSFULLY
 FCN=10114.1 FROM HESSE     STATUS=OK             31 CALLS         191 TOTAL
                     EDM=6.64131e-06    STRATEGY= 1      ERROR MATRIX ACCURATE 
  EXT PARAMETER                                INTERNAL      INTERNAL  
  NO.   NAME      VALUE            ERROR       STEP SIZE       VALUE   
   1  sg_p0        3.86211e+02   6.87044e-01   2.62545e-04  -2.53827e-01
   2  sg_p1        2.19020e+01   6.10869e-01   7.45239e-05   2.17333e-02
   3  sg_p2        3.70000e+02   4.09931e-01   1.87533e-03  -1.57097e+00
                                 WARNING -   - ABOVE PARAMETER IS AT LIMIT.
   4  sg_p3        6.56431e+01   3.92492e+00   1.85388e-04   2.38776e-01
   5  sg_p4        7.76392e-01   2.29550e-02   5.12164e-04   5.85701e-01
                               ERR DEF= 0.5
 EXTERNAL ERROR MATRIX.    NDIM=  25    NPAR=  5    ERR DEF=0.5
  4.721e-01 -1.231e-01 -1.899e-07 -7.810e-01 -5.080e-03 
 -1.231e-01  3.733e-01  1.959e-08  9.800e-01  7.991e-03 
 -1.899e-07  1.959e-08  1.153e-06 -7.927e-08 -2.152e-09 
 -7.810e-01  9.800e-01 -7.927e-08  1.545e+01  5.988e-02 
 -5.080e-03  7.991e-03 -2.152e-09  5.988e-02  5.275e-04 
 PARAMETER  CORRELATION COEFFICIENTS  
       NO.  GLOBAL      1      2      3      4      5
        1  0.36117   1.000 -0.293 -0.000 -0.289 -0.322
        2  0.58187  -0.293  1.000  0.000  0.408  0.569
        3  0.00032  -0.000  0.000  1.000 -0.000 -0.000
        4  0.66871  -0.289  0.408 -0.000  1.000  0.663
        5  0.74319  -0.322  0.569 -0.000  0.663  1.000
400
386.211 +- 0.687044
21.902 +- 0.610869
[#0] WARNING:InputArguments -- RooAbsPdf::fitTo(signal) WARNING: a likelihood fit is request of what appears to be weighted data. 
       While the estimated values of the parameters will always be calculated taking the weights into account, 
       there are multiple ways to estimate the errors on these parameter values. You are advised to make an 
       explicit choice on the error calculation: 
           - Either provide SumW2Error(kTRUE), to calculate a sum-of-weights corrected HESSE error matrix 
             (error will be proportional to the number of events)
           - Or provide SumW2Error(kFALSE), to return errors from original HESSE error matrix
             (which will be proportional to the sum of the weights)
       If you want the errors to reflect the information contained in the provided dataset, choose kTRUE. 
       If you want the errors to reflect the precision you would be able to obtain with an unweighted dataset 
       with 'sum-of-weights' events, choose kFALSE.
 **********
 **   13 **MIGRAD        2500           1
 **********
 FIRST CALL TO USER FUNCTION AT NEW START POINT, WITH IFLAG=4.
 START MIGRAD MINIMIZATION.  STRATEGY  1.  CONVERGENCE WHEN EDM .LT. 1.00e-03
 FCN=9003.58 FROM MIGRAD    STATUS=INITIATE       20 CALLS          21 TOTAL
                     EDM= unknown      STRATEGY= 1      NO ERROR MATRIX       
  EXT PARAMETER               CURRENT GUESS       STEP         FIRST   
  NO.   NAME      VALUE            ERROR          SIZE      DERIVATIVE 
   1  sg_p0        4.00000e+02   6.00000e+00   2.01358e-01  -8.17321e+02
   2  sg_p1        9.00000e+00   1.20000e+00   2.01358e-01  -8.85683e+01
   3  sg_p2        3.40000e+02   2.40000e+01   2.01358e-01  -4.00838e+01
   4  sg_p3        8.00000e+01   1.40000e+01   2.01358e-01  -2.76467e+01
   5  sg_p4        5.00000e-01   1.00000e-01   2.01358e-01  -5.53440e+02
                               ERR DEF= 0.5
 MIGRAD MINIMIZATION HAS CONVERGED.
 MIGRAD WILL VERIFY CONVERGENCE AND ERROR MATRIX.
 COVARIANCE MATRIX CALCULATED SUCCESSFULLY
 FCN=8781 FROM MIGRAD    STATUS=CONVERGED     143 CALLS         144 TOTAL
                     EDM=7.81637e-05    STRATEGY= 1      ERROR MATRIX ACCURATE 
  EXT PARAMETER                                   STEP         FIRST   
  NO.   NAME      VALUE            ERROR          SIZE      DERIVATIVE 
   1  sg_p0        4.01991e+02   3.04820e-01   6.56019e-04   3.03441e-01
   2  sg_p1        1.13375e+01   2.78610e-01   2.89517e-03  -8.61710e-02
   3  sg_p2        3.20268e+02   2.70861e+01   4.61346e-03   9.05258e-02
   4  sg_p3        9.67805e+01   1.34055e+01   4.07589e-03   9.94460e-02
   5  sg_p4        7.95536e-01   1.32078e-02   1.95974e-03   1.21966e-02
                               ERR DEF= 0.5
 EXTERNAL ERROR MATRIX.    NDIM=  25    NPAR=  5    ERR DEF=0.5
  9.292e-02 -4.286e-03  7.939e-02 -1.353e-01 -2.298e-04 
 -4.286e-03  7.769e-02 -2.675e+00  1.285e+00  8.489e-04 
  7.939e-02 -2.675e+00  7.468e+02 -3.489e+02  6.552e-02 
 -1.353e-01  1.285e+00 -3.489e+02  1.821e+02 -2.386e-02 
 -2.298e-04  8.489e-04  6.552e-02 -2.386e-02  1.745e-04 
 PARAMETER  CORRELATION COEFFICIENTS  
       NO.  GLOBAL      1      2      3      4      5
        1  0.09630   1.000 -0.050  0.010 -0.033 -0.057
        2  0.46235  -0.050  1.000 -0.351  0.342  0.231
        3  0.94909   0.010 -0.351  1.000 -0.946  0.181
        4  0.94708  -0.033  0.342 -0.946  1.000 -0.134
        5  0.38004  -0.057  0.231  0.181 -0.134  1.000
 **********
 **   18 **HESSE        2500
 **********
 COVARIANCE MATRIX CALCULATED SUCCESSFULLY
 FCN=8781 FROM HESSE     STATUS=OK             31 CALLS         175 TOTAL
                     EDM=7.91527e-05    STRATEGY= 1      ERROR MATRIX ACCURATE 
  EXT PARAMETER                                INTERNAL      INTERNAL  
  NO.   NAME      VALUE            ERROR       STEP SIZE       VALUE   
   1  sg_p0        4.01991e+02   3.04850e-01   1.31204e-04   6.64153e-02
   2  sg_p1        1.13375e+01   2.81566e-01   5.79035e-04   4.00177e-01
   3  sg_p2        3.20268e+02   2.90891e+01   9.22692e-04  -1.65182e-01
   4  sg_p3        9.67805e+01   1.44015e+01   8.15178e-04   2.42079e-01
   5  sg_p4        7.95536e-01   1.32354e-02   3.91947e-04   6.32386e-01
                               ERR DEF= 0.5
 EXTERNAL ERROR MATRIX.    NDIM=  25    NPAR=  5    ERR DEF=0.5
  9.294e-02 -4.510e-03  1.192e-01 -1.546e-01 -2.270e-04 
 -4.510e-03  7.935e-02 -3.111e+00  1.500e+00  8.176e-04 
  1.192e-01 -3.111e+00  8.638e+02 -4.067e+02  7.448e-02 
 -1.546e-01  1.500e+00 -4.067e+02  2.106e+02 -2.833e-02 
 -2.270e-04  8.176e-04  7.448e-02 -2.833e-02  1.752e-04 
 PARAMETER  CORRELATION COEFFICIENTS  
       NO.  GLOBAL      1      2      3      4      5
        1  0.09730   1.000 -0.053  0.013 -0.035 -0.056
        2  0.47979  -0.053  1.000 -0.376  0.367  0.219
        3  0.95614   0.013 -0.376  1.000 -0.954  0.191
        4  0.95441  -0.035  0.367 -0.954  1.000 -0.147
        5  0.38469  -0.056  0.219  0.191 -0.147  1.000
400
401.991 +- 0.30485
11.3375 +- 0.281566
 fit done 
(int) 0
